4895.81
2598931.99
1222511.94
189544.92
104364.98
60088.65
38074.32
28802.68
22318.22
17528.15
15436.76
12595.33
9855.90
6554.46
5315.65
4179.37
3668.93
3166.26
2857.85
2632.30
2312.85
2109.11
1865.08
1683.22
1456.41
1279.09
1134.09
1019.31
893.84
838.54
792.46
752.73
724.45
688.32
645.23
621.46
592.23
567.31
529.89
502.41
476.69
451.95
430.61
416.08
401.52
387.68
370.77
359.92
348.92
334.82
319.93
306.62
291.99
278.09
264.35
254.32
242.09
232.53
222.61
213.45
202.39
195.16
189.21
181.70
176.26
169.64
165.52
161.37
157.44
153.78
150.46
147.05
143.71
139.89
135.51
131.04
126.11
120.85
115.80
110.71
107.30
